alpha=0.500000
beta=0.100000
ntopics=10
ndocs=34
nwords=34
liter=1000
