0.025117 0.019501 0.142746 0.000156 0.111232 0.078471 0.321841 0.098128 0.031357 0.171451 
0.054134 0.058502 0.017317 0.024493 0.147738 0.012637 0.259438 0.173323 0.060374 0.192044 
0.035101 0.003588 0.134945 0.036661 0.211388 0.034477 0.339002 0.014821 0.013573 0.176443 
0.072543 0.053510 0.070983 0.060998 0.104992 0.063183 0.295320 0.071295 0.130577 0.076599 
0.137441 0.005148 0.217317 0.029485 0.003900 0.073167 0.271919 0.192044 0.061310 0.008268 
0.047270 0.055694 0.212324 0.043526 0.108112 0.023245 0.136193 0.249142 0.041030 0.083463 
0.091576 0.059126 0.120593 0.043214 0.153978 0.025117 0.103744 0.304056 0.086895 0.011700 
0.105928 0.006084 0.065055 0.088144 0.064119 0.121529 0.303744 0.151170 0.091264 0.002964 
0.053198 0.070671 0.000156 0.108112 0.117785 0.026677 0.228549 0.076287 0.115601 0.202964 
0.058502 0.052886 0.089392 0.236349 0.165835 0.003588 0.289080 0.020749 0.038846 0.044774 
0.023557 0.043526 0.102184 0.043526 0.104056 0.043526 0.255694 0.277847 0.031357 0.074727 
0.044150 0.004836 0.309672 0.097192 0.099376 0.005460 0.279095 0.001092 0.044774 0.114353 
0.024805 0.080031 0.175507 0.104680 0.106864 0.001404 0.154602 0.049142 0.248830 0.054134 
0.059438 0.029173 0.077223 0.099688 0.310608 0.000156 0.240094 0.086271 0.093136 0.004212 
0.000468 0.136193 0.000156 0.158034 0.208268 0.136505 0.090328 0.098752 0.030733 0.140562 
0.044462 0.053198 0.109048 0.271919 0.279407 0.007332 0.192980 0.020125 0.007956 0.013573 
0.034165 0.068487 0.113105 0.056318 0.180187 0.048830 0.109048 0.304680 0.050702 0.034477 
0.000156 0.019501 0.151794 0.000156 0.149610 0.000468 0.235413 0.077535 0.043526 0.321841 
0.174883 0.095632 0.116849 0.103432 0.059438 0.166459 0.222933 0.000156 0.041654 0.018565 
0.023869 0.032605 0.045710 0.002652 0.150234 0.104056 0.216069 0.074415 0.106864 0.243526 
0.108112 0.105616 0.023869 0.032917 0.366459 0.066303 0.187676 0.049454 0.007956 0.051638 
0.002340 0.002028 0.008892 0.000468 0.200156 0.003588 0.304992 0.182683 0.051326 0.243526 
0.008580 0.158034 0.001092 0.088144 0.175195 0.201404 0.057566 0.112168 0.077223 0.120593 
0.087520 0.131513 0.003588 0.000780 0.245398 0.093760 0.222309 0.095008 0.012324 0.107800 
0.057878 0.267863 0.047582 0.053822 0.145554 0.113417 0.182059 0.000780 0.038222 0.092824 
0.031669 0.228861 0.018253 0.070047 0.173011 0.065055 0.235413 0.101248 0.000468 0.075975 
0.203588 0.074103 0.026677 0.000156 0.381435 0.001092 0.237285 0.063183 0.012324 0.000156 
0.108424 0.172699 0.098752 0.088144 0.193604 0.005772 0.303432 0.003900 0.013573 0.011700 
0.096568 0.054446 0.068487 0.045086 0.136193 0.190484 0.366771 0.002340 0.010140 0.029485 
0.180187 0.026365 0.046334 0.005772 0.296880 0.055694 0.275663 0.090640 0.000780 0.021685 
0.118097 0.081903 0.000156 0.097192 0.084711 0.024181 0.210140 0.100936 0.104368 0.178315 
0.072543 0.173323 0.091264 0.047894 0.167707 0.057878 0.213261 0.065991 0.056942 0.053198 
0.152730 0.085647 0.021061 0.042278 0.204212 0.178315 0.182683 0.129017 0.003588 0.000468 
0.136193 0.077223 0.056630 0.045398 0.132449 0.179875 0.179563 0.053198 0.042902 0.096568 
