alpha=0.500000
beta=0.100000
ntopics=65
ndocs=1
nwords=2107
liter=1000
