alpha=0.500000
beta=0.100000
ntopics=100
ndocs=3312
nwords=3312
liter=1000
